function out1 = state_equation_discrete(in1,in2)
%STATE_EQUATION_DISCRETE
%    OUT1 = STATE_EQUATION_DISCRETE(IN1,IN2)

%    This function was generated by the Symbolic Math Toolbox version 23.2.
%    2024/03/29 16:09:40

u1 = in2(1,:);
u2 = in2(2,:);
u3 = in2(3,:);
u4 = in2(4,:);
u5 = in2(5,:);
x1 = in1(1,:);
x2 = in1(2,:);
x3 = in1(3,:);
x4 = in1(4,:);
t2 = u5.*8.23411846958803e-6;
t3 = u4.*1.934108350992651e-4;
t4 = x1.*2.500316732921214e-4;
t5 = x2.*2.500316732921214e-4;
t6 = x3.*2.500316732921214e-4;
t7 = x4.*3.935103415550916e-4;
et1 = t2+t3+t5+t6+t7+x1.*9.989130154767614e-1;
et2 = u1.^2.*(x1.*3.93e-3-1.717295e-1).*1.284522481255733e-6;
et3 = t2+t3+t4+t6+t7+x2.*9.989130154767614e-1;
et4 = u2.^2.*(x2.*3.93e-3-1.717295e-1).*1.284522481255733e-6;
et5 = t2+t3+t4+t5+t7+x3.*9.989130154767614e-1;
et6 = u3.^2.*(x3.*3.93e-3-1.717295e-1).*1.284522481255733e-6;
et7 = u5.*3.736530937075711e-5+x1.*1.984107103619443e-4+x2.*1.984107103619443e-4;
et8 = x3.*1.984107103619443e-4+x4.*9.994047678689142e-1;
out1 = [et1+et2;et3+et4;et5+et6;et7+et8];
end
